# Created by Octave 6.1.1~hg.2021.01.26, Thu Feb 10 17:16:46 2022 PST <jordan@pop-os>
# name: results
# type: matrix
# rows: 600
# columns: 2
 1 2.0202020202020163
 2 3.1313131313131284
 3 2.6060606060606046
 4 4.0606060606060579
 5 3.8383838383838351
 6 5.4444444444444429
 7 5.2929292929292879
 8 7.2929292929292915
 9 7.8383838383838338
 10 10.484848484848483
 11 11.414141414141413
 12 13.535353535353536
 13 15.464646464646455
 14 18.616161616161627
 15 21.47474747474746
 16 25.212121212121215
 17 29.383838383838395
 18 35.161616161616166
 19 40.272727272727266
 20 44.999999999999986
 21 52.666666666666664
 22 59.848484848484873
 23 69.262626262626242
 24 78.919191919191931
 25 89.171717171717205
 26 101.26262626262627
 27 115.31313131313128
 28 127.98989898989898
 29 139.81818181818184
 30 155.39393939393929
 31 171.60606060606057
 32 191.36363636363632
 33 209.70707070707064
 34 230.57575757575756
 35 251.24242424242428
 36 272.43434343434359
 37 296.81818181818181
 38 317.52525252525243
 39 340.16161616161605
 40 365.1111111111112
 41 389.0707070707071
 42 416.43434343434348
 43 444.76767676767668
 44 474.24242424242431
 45 504.52525252525243
 46 533.09090909090912
 47 566.77777777777771
 48 593.61616161616155
 49 625.17171717171709
 50 658.49494949494942
 51 693.93939393939434
 52 728.70707070707067
 53 765.14141414141432
 54 802.13131313131328
 55 837.0202020202023
 56 878.97979797979781
 57 920.32323232323222
 58 966.45454545454538
 59 1008.7070707070709
 60 1051.6161616161614
 61 1097.9191919191919
 62 1140.9696969696968
 63 1188.323232323233
 64 1231.0404040404044
 65 1278.5959595959594
 66 1334.121212121212
 67 1389.6363636363644
 68 1436.0404040404048
 69 1486.7272727272725
 70 1534.0101010101005
 71 1584.0303030303037
 72 1637.6868686868684
 73 1694.7272727272723
 74 1756.5252525252517
 75 1814.7878787878785
 76 1873.7070707070698
 77 1923.434343434343
 78 1978.3939393939395
 79 2032.6868686868688
 80 2098.5858585858591
 81 2172.2020202020203
 82 2241.1717171717178
 83 2300.6565656565649
 84 2361.0303030303025
 85 2428.2222222222217
 86 2496.7070707070702
 87 2572.575757575758
 88 2640.4747474747464
 89 2698.6161616161617
 90 2773.5757575757571
 91 2853.5050505050508
 92 2924.5050505050499
 93 2998.8181818181824
 94 3083.9393939393944
 95 3163.9090909090901
 96 3241.0202020202014
 97 3319.4040404040402
 98 3384.0707070707067
 99 3457.0808080808092
 100 3541.171717171716
 101 3640.2323232323229
 102 3727.0707070707049
 103 3800.7777777777787
 104 3872.4646464646471
 105 3953.161616161618
 106 4052.9797979797986
 107 4156.5656565656564
 108 4255.969696969697
 109 4355.8383838383843
 110 4449.1616161616166
 111 4533.2727272727261
 112 4623.3333333333321
 113 4713.9494949494938
 114 4807.4646464646476
 115 4909.1313131313118
 116 5004.0808080808092
 117 5100.0303030303021
 118 5213.0505050505035
 119 5317.2323232323215
 120 5407.575757575758
 121 5488.69696969697
 122 5566.9191919191935
 123 5666.7171717171686
 124 5807.3939393939381
 125 5937.4545454545478
 126 6033.2323232323206
 127 6134.6060606060619
 128 6211.0606060606078
 129 6334.121212121212
 130 6442.0303030303021
 131 6556.1414141414152
 132 6688.6161616161635
 133 6815.9191919191953
 134 6926.464646464643
 135 7043.9393939393976
 136 7135.0909090909136
 137 7251.222222222219
 138 7360.7171717171732
 139 7499.5555555555547
 140 7623.2222222222208
 141 7753.0505050505071
 142 7864.626262626266
 143 7986.9696969696961
 144 8096.9090909090919
 145 8217.6969696969682
 146 8348.8686868686855
 147 8485.7373737373746
 148 8617.6262626262615
 149 8738.8888888888887
 150 8877.7676767676749
 151 8999.4343434343409
 152 9127.1313131313145
 153 9267.0000000000036
 154 9409.2626262626272
 155 9535.6262626262596
 156 9672.6969696969736
 157 9824.3939393939399
 158 9965.1818181818271
 159 10109.414141414147
 160 10228.686868686873
 161 10390.979797979793
 162 10532.272727272728
 163 10696.0202020202
 164 10851.404040404042
 165 10954.696969696974
 166 11115.363636363636
 167 11249.87878787879
 168 11407.27272727273
 169 11551.30303030303
 170 11714.676767676767
 171 11875.373737373735
 172 12042.979797979802
 173 12183.333333333328
 174 12351.757575757574
 175 12488.727272727268
 176 12660.979797979797
 177 12811.535353535352
 178 12956.292929292928
 179 13118.13131313132
 180 13297.585858585853
 181 13468.808080808083
 182 13618.767676767682
 183 13765.565656565652
 184 13934.37373737374
 185 14099.81818181818
 186 14267.454545454544
 187 14408.929292929293
 188 14591.424242424246
 189 14763.979797979797
 190 14937.646464646461
 191 15095.484848484846
 192 15262.202020202029
 193 15470.434343434346
 194 15636.353535353535
 195 15814.363636363643
 196 15964.989898989899
 197 16134.868686868685
 198 16326.989898989899
 199 16494.747474747477
 200 16678.343434343431
 201 16827.949494949498
 202 16976.545454545463
 203 17106.323232323233
 204 17277.303030303025
 205 17428.555555555555
 206 17549.727272727276
 207 17669.141414141421
 208 17790.818181818184
 209 17883.070707070718
 210 18049.080808080809
 211 18136.656565656551
 212 18188.282828282827
 213 18209.181818181813
 214 18267.727272727268
 215 18259.505050505053
 216 18206.595959595958
 217 18167.191919191926
 218 18141.191919191926
 219 18063.272727272724
 220 17991.080808080809
 221 17935.252525252534
 222 17859.131313131304
 223 17704.242424242424
 224 17604.505050505053
 225 17530.28282828283
 226 17465.838383838374
 227 17361.292929292933
 228 17225.38383838383
 229 17114.050505050509
 230 17023.292929292929
 231 16953.474747474746
 232 16862.070707070703
 233 16707.272727272732
 234 16624.848484848488
 235 16529.696969696961
 236 16447.32323232323
 237 16346.646464646466
 238 16276.292929292933
 239 16182.585858585864
 240 16076.757575757572
 241 15985.797979797982
 242 15937.999999999996
 243 15864.939393939389
 244 15793.393939393936
 245 15726.696969696968
 246 15657.121212121216
 247 15535.777777777781
 248 15464.9494949495
 249 15416.646464646472
 250 15356.797979797979
 251 15288.767676767684
 252 15194.595959595956
 253 15099.696969696979
 254 15034.696969696975
 255 14970.12121212121
 256 14882.818181818175
 257 14836.888888888894
 258 14767.626262626265
 259 14709.909090909085
 260 14625.010101010099
 261 14566.161616161617
 262 14463.939393939392
 263 14411.949494949498
 264 14307.757575757574
 265 14256.181818181818
 266 14199.070707070707
 267 14125.404040404041
 268 14042.555555555557
 269 13963.959595959601
 270 13907.212121212118
 271 13820.828282828285
 272 13738.979797979797
 273 13670.585858585857
 274 13590.969696969694
 275 13505.121212121212
 276 13432.323232323235
 277 13379.404040404044
 278 13310.404040404041
 279 13219.585858585857
 280 13107.717171717171
 281 13053.151515151514
 282 12990.020202020198
 283 12907.202020202016
 284 12822.161616161617
 285 12714.323232323231
 286 12612.767676767675
 287 12530.313131313134
 288 12430.959595959594
 289 12339.949494949491
 290 12256.404040404035
 291 12183.222222222223
 292 12104.191919191926
 293 12018.515151515152
 294 11939.747474747479
 295 11835.818181818178
 296 11738.343434343426
 297 11626.030303030297
 298 11532.131313131309
 299 11442.131313131316
 300 11354.959595959594
 301 11277.121212121212
 302 11187.161616161615
 303 11102.292929292931
 304 11006.434343434343
 305 10926.262626262625
 306 10854.808080808078
 307 10789.383838383837
 308 10728.282828282836
 309 10657.797979797981
 310 10603.747474747472
 311 10536.242424242426
 312 10470.36363636364
 313 10407.525252525256
 314 10367.202020202021
 315 10325.010101010103
 316 10309.030303030302
 317 10284.32323232323
 318 10248.000000000002
 319 10228.060606060608
 320 10190.919191919194
 321 10174.030303030302
 322 10174.232323232323
 323 10163.383838383841
 324 10150.888888888891
 325 10154.525252525253
 326 10128.828282828285
 327 10124.585858585853
 328 10138.727272727272
 329 10143.9696969697
 330 10136.050505050503
 331 10130.090909090912
 332 10118.434343434345
 333 10111.67676767677
