# Created by Octave 4.2.2, Sat May 30 16:27:11 2020 PDT <jordan@WCLaptop>
# name: outbreaks
# type: matrix
# rows: 1000
# columns: 28
 1 1 1 1 1 1 1 1 1 1 1 1 1 1 1 1 1 1 1 1 1 1 1 1 1 1 1 1
 1 1 1 1 2 2 2 1 1 1 2 1 1 1 1 1 1 2 1 2 1 1 2 2 2 2 2 1
 1 1 1 1 1 1 1 1 1 1 1 1 1 1 1 1 1 2 1 2 1 1 1 2 2 2 2 1
 2 2 2 2 1 2 1 2 2 1 1 1 2 2 2 1 2 4 2 4 2 2 2 2 4 2 2 2
 2 2 2 2 2 2 2 2 2 1 2 1 2 2 2 1 1 3 2 3 2 2 1 2 3 2 2 2
 4 2 4 4 2 2 2 4 4 2 2 2 2 4 4 2 1 6 4 4 4 4 2 4 6 4 4 2
 4 2 3 4 4 2 4 4 4 2 4 1 2 3 3 2 1 4 4 4 4 3 2 4 4 3 4 2
 8 3 6 4 3 4 3 8 8 4 4 1 4 5 2 4 2 5 8 5 8 2 2 8 6 5 8 4
 6 3 4 4 2 4 4 6 6 4 4 2 3 4 2 4 2 8 6 7 6 2 2 6 6 4 6 4
 7 6 3 8 1 8 4 5 8 8 4 2 5 3 4 8 4 9 9 7 8 4 4 8 4 6 9 8
 12 6 5 8 2 8 4 9 7 7 8 4 4 4 4 6 4 11 7 10 7 4 4 9 6 6 9 6
 11 12 6 16 1 16 8 10 6 6 8 4 4 5 8 4 8 15 6 9 6 8 8 8 8 8 10 9
 15 9 10 14 1 12 7 18 11 6 16 8 5 7 7 4 6 19 11 15 11 6 7 14 10 10 9 8
 14 7 12 23 2 17 8 16 12 12 12 6 8 9 14 5 9 15 11 15 12 9 13 13 9 9 16 12
 22 6 15 18 2 16 8 20 22 9 10 5 10 10 12 7 7 14 18 19 17 7 10 12 12 17 15 13
 23 6 13 24 4 19 15 17 21 13 10 4 14 18 18 8 7 13 16 23 15 9 10 17 13 15 25 14
 25 6 20 22 4 28 13 15 21 14 14 8 13 17 15 6 10 12 16 23 26 11 18 17 15 24 26 26
 39 12 17 29 8 22 16 22 19 14 12 7 20 30 22 5 9 16 20 32 24 10 15 22 17 20 29 23
 37 12 19 35 6 28 19 23 32 14 14 13 19 28 22 4 12 23 27 37 29 13 17 30 22 25 38 25
 49 24 23 45 8 31 25 28 33 20 14 10 16 25 23 2 15 30 30 53 30 12 20 33 24 26 44 27
 47 20 27 51 7 37 28 29 64 25 17 11 24 28 27 4 24 43 30 54 37 23 18 39 25 23 71 30
 60 32 30 56 7 46 32 27 54 32 16 15 28 36 26 4 27 49 34 55 46 22 24 34 32 20 63 31
 64 31 44 71 14 47 44 31 76 33 21 18 37 49 30 8 39 45 40 56 54 34 26 36 33 26 75 39
 70 44 45 70 14 58 50 40 70 41 19 27 41 56 33 8 33 52 58 66 54 30 28 48 35 35 83 48
 70 48 65 77 28 59 55 39 65 39 28 23 64 56 46 16 29 57 61 72 48 36 33 45 56 46 83 56
 91 43 62 80 24 54 56 35 65 43 38 39 61 58 57 12 34 59 76 77 59 41 45 57 64 57 105 73
 109 62 83 82 35 56 71 37 73 56 50 36 58 65 81 21 39 65 79 90 66 59 39 67 71 63 97 88
 108 69 86 83 34 64 77 43 94 77 54 48 68 58 78 16 47 79 91 99 87 60 60 63 73 76 119 112
 110 95 75 89 45 79 75 65 95 85 51 67 85 64 108 14 57 103 101 100 83 66 64 85 92 74 105 101
 129 88 80 109 49 97 88 72 116 86 64 61 92 80 89 12 58 111 106 140 100 78 71 84 110 100 103 118
 142 99 95 112 47 79 94 112 133 94 79 59 113 97 89 13 67 122 108 149 102 89 78 92 106 106 121 120
 145 104 121 124 49 92 94 116 143 104 71 65 119 117 101 13 56 121 101 169 119 101 78 90 118 113 149 132
 142 124 144 145 54 97 118 123 154 128 98 66 146 126 116 17 74 136 131 155 126 94 79 102 127 113 153 131
 157 153 165 159 57 109 156 127 148 127 99 85 133 161 157 17 87 134 148 184 139 101 75 114 122 112 140 153
 196 153 156 156 67 111 166 156 161 150 97 96 142 168 177 25 113 169 145 199 146 106 82 122 140 121 168 171
 219 174 181 154 79 122 183 174 169 170 114 113 153 176 170 29 119 173 133 210 146 122 104 163 135 136 163 177
 241 180 190 177 88 129 188 212 179 190 124 122 189 163 188 45 125 152 141 208 139 151 120 161 146 139 194 187
 248 179 194 193 100 153 185 236 204 207 153 111 197 159 212 48 149 180 159 223 137 159 146 218 146 179 203 187
 279 184 186 216 100 180 195 259 221 203 147 124 227 176 216 55 160 199 188 268 153 176 166 214 160 185 190 201
 266 193 220 241 130 202 186 250 269 179 170 108 242 173 244 60 164 200 199 255 160 177 207 215 180 219 242 201
 254 214 246 244 138 240 209 227 281 205 155 119 249 205 236 56 184 241 207 279 184 188 215 227 198 209 262 200
 269 207 261 274 149 253 231 270 276 220 186 136 247 223 282 61 181 271 230 309 201 209 229 222 225 217 278 247
 260 196 261 284 140 271 261 279 289 222 193 180 251 264 274 77 181 284 262 361 210 210 243 220 235 224 302 260
 282 203 273 284 141 275 299 342 276 257 222 196 295 255 294 87 207 281 305 374 218 225 258 218 258 264 317 288
 318 230 301 309 158 271 341 292 308 275 246 227 296 271 333 115 203 297 327 343 248 245 269 259 295 300 337 295
 352 249 288 332 199 277 346 302 327 276 257 224 307 288 323 138 194 299 344 352 285 265 296 267 288 371 354 310
 389 276 300 349 203 294 409 297 367 277 287 230 334 324 337 163 210 346 337 358 320 293 305 300 308 344 411 325
 415 295 312 345 241 300 389 325 377 330 286 243 332 343 360 144 212 349 363 384 336 292 298 348 320 347 433 343
 434 327 328 366 230 319 400 327 370 352 276 260 364 366 380 135 251 406 374 380 315 300 334 391 348 325 430 353
 439 366 354 372 231 355 414 335 391 387 301 248 388 409 389 160 285 422 403 379 325 327 348 407 381 330 444 362
 501 433 404 436 268 351 421 347 382 382 318 284 427 408 396 176 289 418 449 414 369 343 369 424 380 353 462 373
 523 442 421 459 308 362 452 391 408 393 356 289 428 438 415 226 334 441 534 410 396 349 347 437 381 375 477 408
 467 497 436 458 322 399 483 432 438 390 385 269 416 443 436 222 347 426 523 447 414 370 386 422 394 388 451 395
 453 496 416 479 395 437 499 466 446 416 397 308 463 459 471 222 368 509 517 457 448 419 406 448 445 419 490 424
 495 491 492 512 378 438 506 455 461 436 416 315 488 479 480 239 375 522 531 509 470 406 381 459 458 407 498 454
 527 501 538 521 375 473 528 453 461 477 439 377 518 477 469 257 420 577 575 526 506 420 441 512 468 501 562 494
 608 511 560 574 375 501 523 526 494 463 426 420 452 484 501 297 463 586 613 550 522 476 483 507 511 521 584 525
 609 567 517 596 375 514 567 535 525 548 485 468 488 535 514 318 498 597 580 605 589 548 514 478 511 550 553 504
 583 610 582 635 370 534 601 572 558 584 474 434 534 588 580 335 547 613 608 632 627 568 525 521 570 532 538 560
 580 645 586 615 386 532 631 591 580 564 498 451 573 621 625 324 559 637 600 645 648 515 539 546 564 522 561 541
 634 646 632 665 429 604 613 647 660 598 536 441 582 637 646 343 538 672 674 647 654 472 518 636 622 548 635 542
 712 695 652 685 449 571 663 642 667 620 601 475 592 604 696 373 575 702 693 678 650 479 522 630 671 566 751 619
 779 684 688 754 508 592 715 641 679 660 620 538 644 639 732 407 579 722 722 717 672 582 552 640 664 625 778 687
 787 660 681 791 552 641 728 681 699 685 594 566 692 675 792 449 586 733 733 740 663 569 597 671 684 673 789 733
 799 660 730 791 558 644 745 661 746 720 622 608 725 791 757 470 618 704 775 825 735 618 659 688 732 749 760 726
 776 727 768 773 564 665 738 693 787 764 631 630 728 852 734 494 630 772 775 867 759 676 701 820 764 764 744 779
 746 796 739 746 563 693 744 754 821 781 687 688 724 940 724 495 664 749 809 876 766 745 695 846 841 784 764 778
 745 843 789 747 588 749 789 777 864 782 690 698 719 957 768 467 743 776 849 828 742 807 689 924 845 793 857 821
 857 872 825 815 627 800 835 809 922 827 731 671 809 968 856 524 730 810 844 835 787 799 719 887 803 797 912 905
 885 844 847 892 643 827 872 846 918 839 720 686 873 905 845 560 819 841 897 830 898 759 764 870 750 818 905 1031
 958 842 908 893 673 808 958 866 901 872 731 770 922 830 871 573 860 897 974 870 969 793 856 924 765 797 851 1019
 966 857 999 948 686 838 1005 881 936 911 740 827 891 942 951 594 886 942 1012 898 986 815 900 1008 875 797 898 962
 1015 954 1024 1007 678 861 969 908 981 910 783 840 945 1060 930 674 875 991 1005 996 976 871 914 1056 1015 898 959 981
 1019 1051 1078 1075 771 887 960 900 1011 968 832 789 964 1075 950 665 886 1036 1070 1055 918 938 881 990 1119 1010 1039 1034
 1028 1060 1112 1102 852 943 933 915 1041 952 897 814 998 1095 969 723 913 1066 1133 1074 959 995 935 963 1101 1074 1060 1174
 1080 972 1055 1158 850 1063 972 1010 1080 944 892 813 1070 1089 1027 760 958 1071 1170 1080 1013 976 951 989 1085 1011 1112 1192
 1195 998 1129 1193 851 1114 1003 1067 1089 1008 956 910 1118 1071 1056 831 1018 1102 1159 1074 1091 940 1068 1071 1026 1017 1146 1189
 1245 1084 1158 1269 873 1104 1067 1098 1187 1066 1045 952 1161 1157 1076 847 1030 1162 1200 1153 1195 1002 1121 1201 1103 1062 1237 1147
 1247 1159 1281 1301 939 1052 1156 1106 1251 1060 1093 940 1206 1264 1109 858 1018 1131 1232 1133 1173 1047 1206 1300 1155 1126 1285 1154
