# Created by Octave 4.2.2, Sat Jun 06 19:31:17 2020 PDT <jordan@WCLaptop>
# name: correlation_results
# type: matrix
# rows: 1
# columns: 84
 0.9290969406117392 0.9300217848590602 0.9298339245975521 0.9326368392699397 0.932033926843667 0.9337010782962104 0.9320704894946158 0.9332514356460635 0.9329420367448289 0.9318982056458391 0.9355438365434887 0.9315394862984981 0.9293711849298042 0.9293171385330837 0.9296992618703173 0.9379111599664375 0.9348267551127755 0.9294682018756044 0.93136085435384 0.9286976884459011 0.9312674863088147 0.933052018786048 0.9332654818864524 0.9347141449878832 0.9328134466781166 0.9348437751862662 0.9281538485838765 0.9360775218141706 0.9335565666432136 0.9332193155201707 0.9346301483560416 0.9337552494371913 0.9334457336988523 0.9342741364537613 0.9345187460352568 0.930048202510409 0.9347448890717049 0.9323448846979491 0.9300652663001645 0.9325129692712518 0.9314501343154956 0.9294929375748915 0.9294988425962125 0.9331825336238805 0.929902972320882 0.9311290598839185 0.9339568191242827 0.937831597788101 0.9346260740334077 0.9345380132556305 0.9334885085396234 0.9330919227468918 0.9271072330153453 0.9316627240559785 0.9351494196084766 0.9316791497077718 0.9357729426470784 0.936681984624916 0.9324777370727568 0.931439198963257 0.9331187502337802 0.9318049327809478 0.9301789563058903 0.9325701344908794 0.9310105825020223 0.9338380196374195 0.9342324634118419 0.9355705512412665 0.9320216841604319 0.9312378120640981 0.9356588790444866 0.9324196712261313 0.9300983008286383 0.9270124902447116 0.9287300429902174 0.9326991752077727 0.9301080555528176 0.9349701894547867 0.930807912504149 0.9326904840323048 0.9317207541167946 0.9341489618590858 0.9318673204349293 0.9327585121107699


