# Created by Octave 4.2.2, Wed Jun 03 16:18:49 2020 PDT <jordan@WCLaptop>
# name: correlation_results
# type: matrix
# rows: 1
# columns: 89
 0.9212632116533152 0.9230110664512829 0.9232466107672971 0.9236784271659521 0.9215967907388707 0.9222237278659402 0.9223798592637632 0.9224919697915495 0.9211319581449369 0.9250047770686803 0.9252251807656825 0.9217258024628737 0.9210525726706981 0.9231695333607751 0.9226264962848103 0.9239860057518497 0.9191281195802676 0.9239010039883879 0.9224751313042304 0.9227643957655095 0.9249015263821846 0.9216466805094029 0.9233369812694509 0.9243944355936882 0.9205481047611295 0.9245583219474072 0.919377790559823 0.9226424687463568 0.9259334102154452 0.9229797348163822 0.9253230168953568 0.9224888078030045 0.9219528239982221 0.923811959785673 0.9221088289703546 0.9237769258111834 0.9223058981620017 0.9234296146945631 0.917477980184417 0.922779086487355 0.9278768583167613 0.9229879326630255 0.9201486582506002 0.9238756490994459 0.9201727277177713 0.9229753379191772 0.9200500032076164 0.9235189523092788 0.9206421983251926 0.9229617276039345 0.9232839738459355 0.9223838232866221 0.9229652422973058 0.9245301878146639 0.9231056225503955 0.9218601345903782 0.9234570353884373 0.9226395503066238 0.9234552122531769 0.9249786084884681 0.9225388298496375 0.9241390497287992 0.9212565183497857 0.9258103404639823 0.9243383787168735 0.9221202696308928 0.9193599878851028 0.9202780044161714 0.9236601763666895 0.9270012703086283 0.9234027653911829 0.9229179668708297 0.9233358332750241 0.9225524129168716 0.9237491813484121 0.9226297257716056 0.9239650267450532 0.9238866649410146 0.9227498304979288 0.9242582889586741 0.9227788647383498 0.9231379602967071 0.9233187482372004 0.9257984332208784 0.9245135448488981 0.9222063157179994 0.9234042495892348 0.9214197406909622 0.9245471552894463


