# Created by Octave 4.2.2, Sun May 31 15:07:40 2020 PDT <jordan@WCLaptop>
# name: correlation_results
# type: matrix
# rows: 1
# columns: 28
 0.9020350486215868 0.9036084707918275 0.9094869462432185 0.8957849870594606 0.9023648247486702 0.9102931444027657 0.9012018355383414 0.9071456954624106 0.9056806069417737 0.8978066266490543 0.897729327242521 0.9138070788894489 0.8981268707056478 0.9018754787412975 0.9010663214722908 0.9074889736351811 0.9031857059091581 0.8993470981627952 0.8974836323107068 0.895811707393837 0.9012594747380223 0.9019366440115427 0.9016900970990359 0.8986920462701293 0.9020607732020727 0.9005571419638302 0.9011816380856841 0.9017236178948113


